11560656
0070352
12829150
17791185
19576680
00747886
12275597
18262535
041029029
07406490
07907648
03799817
15327459
12994812
0744872
13994899
12947992
10626065
09515142
06416510
041043465
02871165
1050799
1833532
09871888
07598939
13335315
16882461
08607074
04220037
04513027
14966363
19351403
08154998
09571721
13554194
06297888
01675444
07837578
01870651
06981258
131031436
0478072
09355898
08197206
04173783
1964088
12788533
18181781
16872842
03367084
141006836
16276993
19700575
13979806
17495974
111046446
06219192
09937621
09195008
13113052
18255454
181040634
19966481
0935965
13773559
06941131
18486249
071013232
16661106
151018180
14739979
18515342
10954612
196960
171058275
16629963
0457659
03440941
19312014
07519019
03376187
13541218
17931216
10560524
03150080
02265970
15868273
0644308
12962609
08651406
09810456
15476793
19280893
13775819
09690207
111028278
05478316
18342344
15905442
18252605
12904154
05299210
18706116
17256016
12664513
11445873
04897302
07104346
001033768
0056465
061052440
13457128
01550456
13755934
08509255
08374500
15930204
02933651
00566597
16167605
181031983
0111459
00379696
061041155
09400677
12866927
10268924
00620373
04781954
03386039
171012719
03773953
05430749
14717977
14784643
11869067
0467201
18783637
17800962
15566547
16416420
05451317
101004375
11283326
11152109
08707858
1219421
01523317
082722
191004452
08532158
00203977
181001147
0835538
04528231
12164215
041008658
14465462
17845844
05490096
18936067
1262870
04623958
07355164
08314060
15792853
14150635
10282799
1044357
13417491
07241659
05747638
08611908
0356362
04803132
03979000
08614210
1245658
05355281
14383615
01258325
01151866
0067309
19454559
0224328
07889652
16766153
04115823
0826221
0869313
1814721
1994412
04216800
03258109
04872286
12278875
05975128
06699055
09745142
15400938
02490027
19685929
16551273
06318480
00297876
0869243
06471637
05304835
18495742
01279308
15516441
07949316
18873426
001020393
13645310
00405761
18471265
10595248
0457840
16713340
19217554
0947642
18229344
12379794
19839436
11985561
08486196
17236181
07399451
06895812
07733324
10836184
03337799
05191721
10463593
06620778
1014540
05899773
12563200
0647360
16699167
18555054
19479558
1333682
08314258
13702594
03739090
06624425
16160694
14106846
06459361
04273485
03649527
15558920
02849126
11108990
06368356
00101428
14486544
13945801
03905406
10225974
12830604
17332296
15934160
02933500
08188782
06535657
12365863
08449530
0231087
05166167
17172692
141006374
04959925
00183248
13816780
15841623
131059456
07997581
05643216
00390216
0647337
16740274
18578830
08553469
09587017
061010742
11941529
00599312
05374142
07541406
15975683
11788693
06221228
02925664
16155564
00839503
11207333
12189827
06830621
03454535
01666263
15959781
17600401
08592783
09379314
17320433
14383555
0443892
19121740
14742107
1968824
10508354
19467705
191037679
10218458
03492683
15225227
02495860
041033318
02703757
07598653
09298826
10983634
07224396
19505285
17393770
13968016
03165276
07288788
141006486
00439823
15425465
04194805
08703212
06467459
11486165
19423869
01235805
15427459
05977125
13899582
16126513
05899201
19351378
14857894
02211149
03144622
11440063
1420620
11715933
13515408
1796691
07349183
1775636
0137949
02112479
19730294
09928187
15101259
02397653
19379293
1233724
06592262
05334570
11464797
06313835
10966288
03585399
11214523
08944527
11401298
02665090
12813948
00911204
18590949
04724079
11307677
121032349
196932
02228109
16415585
1370531
14913292
18922746
12189818
19415796
07488133
10168424
1616217
08921610
08514384
08815136
13636544
11260222
1118668
10326347
041019349
11531228
14872341
02309204
03928291
19417785
17150278
022336
17168715
11411513
17560108
18783144
0149546
1055333
18230184
10954547
041055534
07343423
04986493
13931522
02148790
1972311
00176383
00733953
18906812
05679522
18330174
11292686
15482918
03450662
12337110
13980889
15234657
09382689
141013046
02905521
04479809
04490934
17877196
17216856
17260473
06527139
03931787
07514941
04706945
10990059
041021073
10554742
02556171
14375789
02381944
09469553
11766184
1116366
01190651
13226710
17393687
13555614
16364683
05455588
17929206
04942238
08198339
15705095
19557042
06747640
031038626
01179361
18697107
07600375
16685641
09107756
11160465
09836319
091039019
18780290
03757692
17755465
0824826
10555158
06751419
09617919
19540023
01179068
13441848
0759733
03753520
08111078
13795629
00759257
13756039
17134444
04421245
19281061
05618239
18418459
01715216
19612901
12974693
1797077
011012765
1753853
18225329